5.570205611321695116e+00 7.124525054782809619e+00
4.956814085885175913e+00 2.092841439079109911e+00
6.579351701246047845e+00 1.991656534694770997e+00
1.887137918142710369e+00 7.374585543185142811e+00
4.890700890143486745e+00 3.810311522992599897e+00
5.708863945474401014e+00 2.960581006161879802e+00
5.439297128226705524e+00 2.658231954744578296e+00
5.937195402597657434e+00 7.442886202786421990e+00
4.942340171964083595e+00 5.641197746205243391e+00
6.935658238832004940e+00 4.014583010647950090e+00
7.434654680242243074e-01 4.366037238987212632e+00
3.445622078762566431e+00 4.628887495724269385e+00
6.024616689761130850e+00 4.380483490223108234e+00
3.851180204201973822e-01 2.905674099564548918e+00
4.158519253696119300e+00 3.010612558230171487e+00
3.236177942300743293e+00 4.231819908939542962e+00
3.974820881086227331e+00 7.079137759086164827e+00
7.882040687772081888e+00 4.077521981204338175e+00
5.740585526193259014e+00 4.117504649633146663e+00
3.855964944521547810e+00 4.711137878510572641e+00
5.923386020050599221e+00 1.759211847685084873e+00
3.919508865207381287e+00 4.866565441435736439e+00
3.004086056325985687e+00 5.336333015797481316e+00
3.623189689519904277e+00 4.089957987669236239e+00
1.654223975329981666e+00 5.203212683175578945e+00
2.355627842339718114e+00 5.570111126064917428e+00
4.434849561956346164e+00 5.899181490028198027e+00
5.090365710468319982e+00 3.501208096658636304e+00
3.455055773802694574e+00 4.171604970000233337e+00
3.623018304746465912e+00 3.370768063350550126e+00
1.751958682500363462e+00 6.353761837648352007e+00
4.729106360792527219e+00 5.951659323216030195e+00
3.813467037482864974e+00 2.373232749660186602e+00
2.827267153602782912e+00 3.872995720735378899e+00
2.455294552124151153e+00 4.657339336273899733e+00
3.971961304126466530e+00 2.855718829981257478e+00
9.479351485570619573e-01 4.612012867751557721e+00
4.457247239981657394e+00 3.437056569362400005e+00
1.638759205352884774e+00 4.977895005851077137e+00
5.230366430551158352e+00 3.215614625997845977e+00
1.118694704662226869e+00 3.290286335614085012e+00
3.660193126563209720e+00 4.085881112465738596e+00
5.516944365792900484e+00 2.098897869372161828e+00
2.926913089275068547e+00 4.009703508880357425e+00
5.481923351621063034e+00 2.509497582020526529e+00
4.758661618869437504e+00 2.278135178791990789e+00
6.332562168585718965e+00 2.157555859433445633e+00
2.377803746251998085e+00 5.870433225077378303e+00
5.130239243911939973e+00 5.508890643700077305e+00
3.748301448147932646e+00 4.296674419295706038e+00
3.173487811025692551e+00 4.003507197089093417e+00
5.189941896693516910e+00 6.033122847690576052e+00
4.765874892487471648e+00 2.237772532839136019e+00
5.563477979751832336e+00 6.799400850863916546e+00
4.202355639063585002e+00 5.475700662535013308e+00
5.275146323330190512e+00 4.986456167994235855e+00
5.152543973417957446e+00 4.825602867207579472e+00
2.838704584274844400e+00 4.127610752029992724e+00
5.649806067688212252e+00 5.112688880070411557e+00
3.922847815568740515e+00 1.816666796028375330e+00
3.764228867016331748e+00 2.381658647171417176e+00
4.810435989809264790e+00 2.524378696936948163e+00
3.738396882482114769e+00 4.939201545947016214e+00
5.969036084286374333e+00 5.021496737528464038e+00
5.429192712193630754e+00 4.184559156867235785e+00
1.538793868826059619e+00 3.731285879210327394e+00
5.080619914996705511e+00 2.984531228668797276e+00
3.719709097959351674e+00 4.560955555888511093e+00
4.319647147001425047e+00 9.393324112806133996e-01
7.069686854400742959e-01 1.420115417475685149e+00
3.740310754887300693e+00 3.631120230557737472e+00
5.837594554922869605e+00 4.491780914970781247e+00
3.694339793372817926e+00 4.410242422220520986e+00
3.094710686019274348e+00 5.537411701186851332e+00
1.341752773075571170e+00 3.500466458960927785e+00
1.004887647855461363e+00 4.510953750175908716e+00
5.060512533770724630e+00 2.911401504455773281e+00
4.234434512741312773e+00 5.810568297441257357e+00
4.196994342743834316e+00 4.078678567293515300e+00
4.000746833342483377e+00 6.127715917821829450e+00
4.564647066552852017e+00 3.657015528792917358e+00
1.888733925843748995e+00 3.195921336628565257e+00
1.369388504942442353e+00 2.414864546251707544e+00
8.286788694177232628e+00 2.899192955893330925e+00
4.539981778689605285e+00 4.771149646309468473e+00
7.057101501855658654e+00 5.256449907348830664e+00
6.207841210476280125e+00 4.404242770808183494e+00
4.316258895025960385e+00 2.916647405108903079e+00
5.315915914199809578e+00 4.311257697988176929e+00
3.403310194590813520e+00 3.440559963372774810e+00
3.289255210044668587e+00 7.450912987369531670e+00
5.175100001972523955e+00 4.395142742635998800e+00
5.979565269256291060e+00 3.580090985642349288e+00
3.263749418195705854e+00 4.443066709808083381e+00
3.085526160226666370e+00 4.770407775998680044e+00
3.426830746364454505e+00 6.075870668995793089e+00
1.227083101161583922e+00 3.591744834478473258e+00
5.002361354710922470e+00 6.575022272806606338e+00
2.978670610838639377e+00 4.565686522083155729e+00
5.018660774482315290e+00 5.889255668823738077e+00
-1.681082815894036742e+00 -8.938585681418591555e-01
-5.528915943023832824e+00 -1.287466345246063515e+00
-1.853410537329616137e+00 -3.885455799810500377e+00
-4.983061446692235386e+00 -4.610701637049580803e+00
-1.105335528575122961e+00 -6.743315955181715005e+00
-3.795174529627050486e+00 -5.451554050295490228e+00
-6.169082868766771810e+00 -2.117701060871391761e+00
-4.638060142602869362e+00 -3.754672772877886811e+00
-3.743672744826405996e+00 -1.598458720744708739e+00
-3.863261627274628296e+00 -4.704284087651123158e+00
-2.285654144814463606e+00 -4.336123685521448223e+00
-5.186176788366982926e+00 -4.596772114359510830e+00
-2.717462959840911907e+00 -5.173430398298616950e+00
-1.837778220272954677e+00 -6.473263086219390949e+00
-2.174667695905870168e+00 -5.317597185882847022e+00
-5.257226636863968849e+00 -2.606058567381438262e+00
-3.911644191586992392e+00 -3.733176364357944088e+00
-1.773583247084904002e+00 -3.150385842667776437e+00
-2.700862721177189396e+00 -1.327211891022983536e+00
-5.166723780318757342e+00 -4.077437750327854715e+00
-5.332817985229602264e+00 -3.170575992567141288e+00
-1.843467721990513120e+00 -4.796417157631530870e+00
-2.358336981121599507e+00 -3.451238256403672988e+00
-3.798368718782971776e+00 -5.392649374691069752e+00
-5.789799705055399315e+00 -3.338080857534600376e+00
-7.333669407732282153e+00 -3.232892715261770800e+00
-4.162779201336159751e+00 -4.626560071352725956e+00
-2.698924325690691184e+00 -2.626987812716174986e+00
-3.236591046006432215e+00 -7.800533409332888191e-01
-4.324617763759987632e+00 -3.386235174249840441e+00
-6.523273483967724218e+00 -4.819185066633468573e+00
-3.517205389282828332e+00 -5.741317506944257687e+00
-6.530084903513918348e+00 -3.890336586675493091e+00
-6.759001902657622907e+00 -6.613697566007086692e+00
-2.275428927494952624e+00 -3.738920458186584916e+00
-5.006627663987766930e+00 -4.628661669320260685e+00
-4.026236435451242990e+00 -5.654338351580136646e+00
-4.010227723051655424e+00 -4.020941119040871037e+00
-2.553936393603079225e+00 -4.715916405057736682e+00
-3.360683796566039661e+00 -2.908846791352089234e+00
-2.293239006650138023e+00 -5.295575243257413689e+00
-3.944564248779218740e+00 -3.571854480666527998e+00
-4.353803425616760592e+00 -3.781400703208700254e+00
-6.499038531562243648e+00 -2.450646689212437224e+00
-4.284682009440387240e+00 -4.142206968933959566e+00
-4.716526209481197718e+00 -3.274077256771610767e+00
-5.101107295408292330e+00 -5.394916203645713892e+00
-5.210012079039760380e+00 -3.563140617144849198e+00
-3.864711919566221621e+00 -2.884124470615545555e+00
-4.069951120865640704e+00 -5.793259064857255503e+00
-2.649083668669244052e+00 -3.297890087752945565e+00
-2.181161128442903330e+00 -3.587984555387476959e+00
-3.723311279490554515e+00 -2.202276075152232337e+00
-3.636221833745637344e+00 -5.470855475050982797e+00
-5.254822969182412429e+00 -4.987682109904464589e+00
-2.229540653039026488e+00 -5.735332073919578555e+00
-2.703968247563374838e+00 -3.536748903820231327e+00
-5.539389203246781967e+00 -4.091358699841200597e+00
-3.350248501402168788e+00 -3.891773176352015806e+00
-5.033779369096223810e+00 -5.702558949889386497e+00
-5.208146777981992770e+00 -2.227042306223086854e+00
-5.061194931640628170e+00 -4.066552520565971385e+00
-3.533255328517468818e+00 -2.377874254459418690e+00
-3.094491561102924670e+00 -4.118111186755061937e+00
-3.267667340531681397e+00 -4.345066601715010357e+00
-7.661976775379594429e+00 -3.073812276514495068e+00
-4.198246055960587420e+00 -4.271119134320702670e+00
-3.847172488678104241e+00 -5.344981979158788477e+00
-1.401219710194240520e+00 -5.162048489286638286e+00
-3.436929360676978629e+00 -4.461257014412360888e+00
-5.052138219813768316e+00 -1.710182792839912924e+00
-5.184024592592274772e+00 -4.296000886493057891e+00
-2.782628817698266310e+00 -4.322453561809212808e+00
-5.428232761252795413e+00 -4.216862525753653834e+00
-2.606537542424027798e+00 -4.729135997662412549e+00
-3.840204392090368568e+00 -5.408324489634579457e+00
-4.308447217998525147e+00 -3.967032747529626757e+00
-3.765880569136941691e+00 -6.409682604944698880e+00
-4.364886647720062740e+00 -5.971728657030879184e+00
-3.801145465474416785e+00 -3.321094643122030732e+00
-3.705810193997267188e+00 -1.992599051501271479e+00
-4.973900768549595064e+00 -2.980425838806168404e+00
-4.749597090459265480e+00 -4.325983629808537678e+00
-5.975357544841399360e+00 -5.416153026679220162e-01
-4.198665048348788176e+00 -4.038636895317454290e+00
-2.719164875295404293e+00 -2.987430768301830852e+00
-2.744144458398531938e+00 -2.399209524127714488e+00
-5.087696241401213015e+00 -4.056346211614672903e+00
-2.998098088945374329e+00 -2.181539220569819193e+00
-4.483223036609977008e+00 -3.560246870860251267e+00
-2.797978882834269321e+00 -3.242612519640041491e+00
-1.147140087899805927e+00 -3.163968412601170233e+00
-4.076310671823316412e+00 -4.686932124772410724e+00
-3.222859484157243326e+00 -4.155797924152407674e+00
-2.221749085647741762e+00 -3.212636987584377657e+00
-3.736932468852733447e+00 -4.856992818742915219e+00
-3.287272016009171960e+00 -2.947159121303431384e+00
-5.101572659898462092e+00 -4.758900068943158423e+00
-2.461777941465464359e+00 -2.795063034870741703e+00
-3.794867187068817316e+00 -5.394010974244530132e+00
